Parameters used: {'svm__C': 100, 'svm__gamma': 'scale', 'svm__kernel': 'linear'}

Accuracy: 0.6600

Confusion matrix:
[[15  0  1  0  0  2  0  0  2  0]
 [ 0 19  0  0  0  1  0  0  0  0]
 [ 2  0 14  0  0  1  0  0  1  2]
 [ 0  0  0  9  4  1  1  2  1  2]
 [ 1  0  0  1 16  0  0  0  2  0]
 [ 2  1  1  0  0 15  0  0  0  1]
 [ 4  0  0  0  3  0 13  0  0  0]
 [ 1  0  0  2  0  0  0 15  2  0]
 [ 0  0  1  2  2  0  0  1 12  2]
 [ 3  0  7  2  0  1  0  2  1  4]]

Classification report: 
              precision    recall  f1-score   support

         0.0       0.54      0.75      0.62        20
         1.0       0.95      0.95      0.95        20
         2.0       0.58      0.70      0.64        20
         3.0       0.56      0.45      0.50        20
         4.0       0.64      0.80      0.71        20
         5.0       0.71      0.75      0.73        20
         6.0       0.93      0.65      0.76        20
         7.0       0.75      0.75      0.75        20
         8.0       0.57      0.60      0.59        20
         9.0       0.36      0.20      0.26        20

    accuracy                           0.66       200
   macro avg       0.66      0.66      0.65       200
weighted avg       0.66      0.66      0.65       200
Training accuracy: 0.99875