Parameters used: {'knn__n_neighbors': 5}

Accuracy: 0.7400

Confusion matrix:
[[16  0  2  0  0  1  0  0  1  0]
 [ 0 20  0  0  0  0  0  0  0  0]
 [ 1  0 18  0  0  0  0  0  0  1]
 [ 0  1  2  9  3  0  1  0  0  4]
 [ 0  0  0  1 15  0  1  2  0  1]
 [ 1  3  0  2  0 14  0  0  0  0]
 [ 3  0  0  2  0  0 14  0  0  1]
 [ 0  0  0  1  1  0  0 18  0  0]
 [ 0  0  2  1  2  0  0  2 12  1]
 [ 0  1  3  0  0  1  0  1  2 12]]

Classification report: 
              precision    recall  f1-score   support

         0.0       0.76      0.80      0.78        20
         1.0       0.80      1.00      0.89        20
         2.0       0.67      0.90      0.77        20
         3.0       0.56      0.45      0.50        20
         4.0       0.71      0.75      0.73        20
         5.0       0.88      0.70      0.78        20
         6.0       0.88      0.70      0.78        20
         7.0       0.78      0.90      0.84        20
         8.0       0.80      0.60      0.69        20
         9.0       0.60      0.60      0.60        20

    accuracy                           0.74       200
   macro avg       0.74      0.74      0.73       200
weighted avg       0.74      0.74      0.73       200
Training accuracy: 0.7975
Num features: 44